s 2 9
p 1 3 9 10
p 2 10 11 4
p 3 11 12 5
p 4 12 13 6
p 5 13 14 7
p 6 14 15 8
p 7 15 16
p 1 2 17 18 10
p 2 3 9 11 18 19
p 3 4 10 12 19 20
p 4 5 11 13 20 21
p 5 6 12 14 21 22
p 6 7 13 15 22 23
p 7 8 14 16 23 24
p 8 15 24
p 18 25 9
p 17 19 25 26 9 10
p 18 26 27 20 10 11
p 19 27 28 21 11 12
p 20 28 29 22 12 13
p 21 29 30 23 13 14
p 22 30 31 24 14 15
p 23 31 32 15 16
p 17 18 33 34 26
p 18 19 25 27 34 35
p 19 20 26 28 35 36
p 20 21 27 29 36 37
p 21 22 28 30 37 38
k 22 23 29 31 38 39
p 23 24 30 32 39 40
p 24 31 40
p 34 41 25
p 33 35 41 42 25 26
p 34 42 43 36 26 27
p 35 43 44 37 27 28
p 36 44 45 38 28 29
p 37 45 46 39 29 30
c 38 46 47 40 30 31
p 39 47 48 31 32
p 33 34 49 50 42
p 34 35 41 43 50 51
p 35 36 42 44 51 52
p 36 37 43 45 52 53
p 37 38 44 46 53 54
p 38 39 45 47 54 55
p 39 40 46 48 55 56
p 40 47 56
p 50 57 41
p 49 51 57 58 41 42
p 50 58 59 52 42 43
p 51 59 60 53 43 44
p 52 60 61 54 44 45
p 53 61 62 55 45 46
k 54 62 63 56 46 47
p 55 63 64 48 49
p 49 50 58
p 50 51 57 59
p 51 52 58 60
p 52 53 59 61
p 53 54 60 62
c 54 55 61 63
p 55 56 62 64
z 56 63
